0
1
2
0
6
1
4
0
12
1
14
0
10
1
8
0
24
1
26
0
30
1
28
0
20
1
22
0
18
1
16
0
48
1
50
0
54
1
52
0
60
1
62
0
58
1
56
0
40
1
42
0
46
1
44
0
36
1
38
0
34
1
32
0
96
1
98
0
102
1
100
0
108
1
110
0
106
1
104
0
120
1
122
0
126
1
124
0
116
1
118
0
114
1
112
0
80
1
82
0
86
1
84
0
92
1
94
0
90
1
88
0
72
1
74
0
78
1
76
0
68
1
70
0
66
1
64
0
192
1
194
0
198
1
196
0
204
1
206
0
202
1
200
0
216
1
218
0
222
1
220
0
212
1
214
0
210
1
208
0
240
1
242
0
246
1
244
0
252
1
254
0
250
1
248
0
232
1
234
0
238
1
236
0
228
1
230
0
226
1
224
0
160
1
162
0
166
1
164
0
172
1
174
0
170
1
168
0
184
1
186
0
190
1
188
0
180
1
182
0
178
1
176
0
144
1
146
0
150
1
148
0
156
1
158
0
154
1
152
0
136
1
138
0
142
1
140
0
132
1
134
0
130
1
128
0
384
1
386
0
390
1
388
0
396
1
398
0
394
1
392
0
408
1
410
0
414
1
412
0
404
1
406
0
402
1
400
0
432
1
434
0
438
1
436
0
444
1
446
0
442
1
440
0
424
1
426
0
430
1
428
0
420
1
422
0
418
1
416
0
480
1
482
0
486
1
484
0
492
1
494
0
490
1
488
0
504
1
506
0
510
1
508
0
500
1
502
0
498
1
496
0
464
1
466
0
470
1
468
0
476
1
478
0
474
1
472
0
456
1
458
0
462
1
460
0
452
1
454
0
450
1
448
0
320
1
322
0
326
1
324
0
332
1
334
0
330
1
328
0
344
1
346
0
350
1
348
0
340
1
342
0
338
1
336
0
368
1
370
0
374
1
372
0
380
1
382
0
378
1
376
0
360
1
362
0
366
1
364
0
356
1
358
0
354
1
352
0
288
1
290
0
294
1
292
0
300
1
302
0
298
1
296
0
312
1
314
0
318
1
316
0
308
1
310
0
306
1
304
0
272
1
274
0
278
1
276
0
284
1
286
0
282
1
280
0
264
1
266
0
270
1
268
0
260
1
262
0
258
1
256
0
768
1
770
0
774
1
772
0
780
1
782
0
778
1
776
0
792
1
794
0
798
1
796
0
788
1
790
0
786
1
784
0
816
1
818
0
822
1
820
0
828
1
830
0
826
1
824
0
808
1
810
0
814
1
812
0
804
1
806
0
802
1
800
0
864
1
866
0
870
1
868
0
876
1
878
0
874
1
872
0
888
1
890
0
894
1
892
0
884
1
886
0
882
1
880
0
848
1
850
0
854
1
852
0
860
1
862
0
858
1
856
0
840
1
842
0
846
1
844
0
836
1
838
0
834
1
832
0
960
1
962
0
966
1
964
0
972
1
974
0
970
1
968
0
984
1
986
0
990
1
988
0
980
1
982
0
978
1
976
0
1008
1
1010
0
1014
1
1012
0
1020
1
1022
0
1018
1
1016
0
1000
1
1002
0
1006
1
1004
0
996
1
998
0
994
1
992
0
928
1
930
0
934
1
932
0
940
1
942
0
938
1
936
0
952
1
954
0
958
1
956
0
948
1
950
0
946
1
944
0
912
1
914
0
918
1
916
0
924
1
926
0
922
1
920
0
904
1
906
0
910
1
908
0
900
1
902
0
898
1
896
0
640
1
642
0
646
1
644
0
652
1
654
0
650
1
648
0
664
1
666
0
670
1
668
0
660
1
662
0
658
1
656
0
688
1
690
0
694
1
692
0
700
1
702
0
698
1
696
0
680
1
682
0
686
1
684
0
676
1
678
0
674
1
672
0
736
1
738
0
742
1
740
0
748
1
750
0
746
1
744
0
760
1
762
0
766
1
764
0
756
1
758
0
754
1
752
0
720
1
722
0
726
1
724
0
732
1
734
0
730
1
728
0
712
1
714
0
718
1
716
0
708
1
710
0
706
1
704
0
576
1
578
0
582
1
580
0
588
1
590
0
586
1
584
0
600
1
602
0
606
1
604
0
596
1
598
0
594
1
592
0
624
1
626
0
630
1
628
0
636
1
638
0
634
1
632
0
616
1
618
0
622
1
620
0
612
1
614
0
610
1
608
0
544
1
546
0
550
1
548
0
556
1
558
0
554
1
552
0
568
1
570
0
574
1
572
0
564
1
566
0
562
1
560
0
528
1
530
0
534
1
532
0
540
1
542
0
538
1
536
0
520
1
522
0
526
1
524
0
516
1
518
0
514
1
512
0
1536
1
1538
0
1542
1
1540
0
1548
1
1550
0
1546
1
1544
0
1560
1
1562
0
1566
1
1564
0
1556
1
1558
0
1554
1
1552
0
1584
1
1586
0
1590
1
1588
0
1596
1
1598
0
1594
1
1592
0
1576
1
1578
0
1582
1
1580
0
1572
1
1574
0
1570
1
1568
0
1632
1
1634
0
1638
1
1636
0
1644
1
1646
0
1642
1
1640
0
1656
1
1658
0
1662
1
1660
0
1652
1
1654
0
1650
1
1648
0
1616
1
1618
0
1622
1
1620
0
1628
1
1630
0
1626
1
1624
0
1608
1
1610
0
1614
1
1612
0
1604
1
1606
0
1602
1
1600
0
1728
1
1730
0
1734
1
1732
0
1740
1
1742
0
1738
1
1736
0
1752
1
1754
0
1758
1
1756
0
1748
1
1750
0
1746
1
1744
0
1776
1
1778
0
1782
1
1780
0
1788
1
1790
0
1786
1
1784
0
1768
1
1770
0
1774
1
1772
0
1764
1
1766
0
1762
1
1760
0
1696
1
1698
0
1702
1
1700
0
1708
1
1710
0
1706
1
1704
0
1720
1
1722
0
1726
1
1724
0
1716
1
1718
0
1714
1
1712
0
1680
1
1682
0
1686
1
1684
0
1692
1
1694
0
1690
1
1688
0
1672
1
1674
0
1678
1
1676
0
1668
1
1670
0
1666
1
1664
0
1920
1
1922
0
1926
1
1924
0
1932
1
1934
0
1930
1
1928
0
1944
1
1946
0
1950
1
1948
0
1940
1
1942
0
1938
1
1936
0
1968
1
1970
0
1974
1
1972
0
1980
1
1982
0
1978
1
1976
0
1960
1
1962
0
1966
1
1964
0
1956
1
1958
0
1954
1
1952
0
2016
1
2018
0
2022
1
2020
0
2028
1
2030
0
2026
1
2024
0
2040
1
2042
0
2046
1
2044
0
2036
1
2038
0
2034
1
2032
0
2000
1
2002
0
2006
1
2004
0
2012
1
2014
0
2010
1
2008
0
1992
1
1994
0
1998
1
1996
0
1988
1
1990
0
1986
1
1984
0
1856
1
1858
0
1862
1
1860
0
1868
1
1870
0
1866
1
1864
0
1880
1
1882
0
1886
1
1884
0
1876
1
1878
0
1874
1
1872
0
1904
1
1906
0
1910
1
1908
0
1916
1
1918
0
1914
1
1912
0
1896
1
1898
0
1902
1
1900
0
1892
1
1894
0
1890
1
1888
0
1824
1
1826
0
1830
1
1828
0
1836
1
1838
0
1834
1
1832
0
1848
1
1850
0
1854
1
1852
0
1844
1
1846
0
1842
1
1840
0
1808
1
1810
0
1814
1
1812
0
1820
1
1822
0
1818
1
1816
0
1800
1
1802
0
1806
1
1804
0
1796
1
1798
0
1794
1
1792
0
1280
1
1282
0
1286
1
1284
0
1292
1
1294
0
1290
1
1288
0
1304
1
1306
0
1310
1
1308
0
1300
1
1302
0
1298
1
1296
0
1328
1
1330
0
1334
1
1332
0
1340
1
1342
0
1338
1
1336
0
1320
1
1322
0
1326
1
1324
0
1316
1
1318
0
1314
1
1312
0
1376
1
1378
0
1382
1
1380
0
1388
1
1390
0
1386
1
1384
0
1400
1
1402
0
1406
1
1404
0
1396
1
1398
0
1394
1
1392
0
1360
1
1362
0
1366
1
1364
0
1372
1
1374
0
1370
1
1368
0
1352
1
1354
0
1358
1
1356
0
1348
1
1350
0
1346
1
1344
0
1472
1
1474
0
1478
1
1476
0
1484
1
1486
0
1482
1
1480
0
1496
1
1498
0
1502
1
1500
0
1492
1
1494
0
1490
1
1488
0
1520
1
1522
0
1526
1
1524
0
1532
1
1534
0
1530
1
1528
0
1512
1
1514
0
1518
1
1516
0
1508
1
1510
0
1506
1
1504
0
1440
1
1442
0
1446
1
1444
0
1452
1
1454
0
1450
1
1448
0
1464
1
1466
0
1470
1
1468
0
1460
1
1462
0
1458
1
1456
0
1424
1
1426
0
1430
1
1428
0
1436
1
1438
0
1434
1
1432
0
1416
1
1418
0
1422
1
1420
0
1412
1
1414
0
1410
1
1408
0
1152
1
1154
0
1158
1
1156
0
1164
1
1166
0
1162
1
1160
0
1176
1
1178
0
1182
1
1180
0
1172
1
1174
0
1170
1
1168
0
1200
1
1202
0
1206
1
1204
0
1212
1
1214
0
1210
1
1208
0
1192
1
1194
0
1198
1
1196
0
1188
1
1190
0
1186
1
1184
0
1248
1
1250
0
1254
1
1252
0
1260
1
1262
0
1258
1
1256
0
1272
1
1274
0
1278
1
1276
0
1268
1
1270
0
1266
1
1264
0
1232
1
1234
0
1238
1
1236
0
1244
1
1246
0
1242
1
1240
0
1224
1
1226
0
1230
1
1228
0
1220
1
1222
0
1218
1
1216
0
1088
1
1090
0
1094
1
1092
0
1100
1
1102
0
1098
1
1096
0
1112
1
1114
0
1118
1
1116
0
1108
1
1110
0
1106
1
1104
0
1136
1
1138
0
1142
1
1140
0
1148
1
1150
0
1146
1
1144
0
1128
1
1130
0
1134
1
1132
0
1124
1
1126
0
1122
1
1120
0
1056
1
1058
0
1062
1
1060
0
1068
1
1070
0
1066
1
1064
0
1080
1
1082
0
1086
1
1084
0
1076
1
1078
0
1074
1
1072
0
1040
1
1042
0
1046
1
1044
0
1052
1
1054
0
1050
1
1048
0
1032
1
1034
0
1038
1
1036
0
1028
1
1030
0
1026
1
1024
0
3072
1
3074
0
3078
1
3076
0
3084
1
3086
0
3082
1
3080
0
3096
1
3098
0
3102
1
3100
0
3092
1
3094
0
3090
1
3088
0
3120
1
3122
0
3126
1
3124
0
3132
1
3134
0
3130
1
3128
0
3112
1
3114
0
3118
1
3116
0
3108
1
3110
0
3106
1
3104
0
3168
1
3170
0
3174
1
3172
0
3180
1
3182
0
3178
1
3176
0
3192
1
3194
0
3198
1
3196
0
3188
1
3190
0
3186
1
3184
0
3152
1
3154
0
3158
1
3156
0
3164
1
3166
0
3162
1
3160
0
3144
1
3146
0
3150
1
3148
0
3140
1
3142
0
3138
1
3136
0
3264
1
3266
0
3270
1
3268
0
3276
1
3278
0
3274
1
3272
0
3288
1
3290
0
3294
1
3292
0
3284
1
3286
0
3282
1
3280
0
3312
1
3314
0
3318
1
3316
0
3324
1
3326
0
3322
1
3320
0
3304
1
3306
0
3310
1
3308
0
3300
1
3302
0
3298
1
3296
0
3232
1
3234
0
3238
1
3236
0
3244
1
3246
0
3242
1
3240
0
3256
1
3258
0
3262
1
3260
0
3252
1
3254
0
3250
1
3248
0
3216
1
3218
0
3222
1
3220
0
3228
1
3230
0
3226
1
3224
0
3208
1
3210
0
3214
1
3212
0
3204
1
3206
0
3202
1
3200
0
3456
1
3458
0
3462
1
3460
0
3468
1
3470
0
3466
1
3464
0
3480
1
3482
0
3486
1
3484
0
3476
1
3478
0
3474
1
3472
0
3504
1
3506
0
3510
1
3508
0
3516
1
3518
0
3514
1
3512
0
3496
1
3498
0
3502
1
3500
0
3492
1
3494
0
3490
1
3488
0
3552
1
3554
0
3558
1
3556
0
3564
1
3566
0
3562
1
3560
0
3576
1
3578
0
3582
1
3580
0
3572
1
3574
0
3570
1
3568
0
3536
1
3538
0
3542
1
3540
0
3548
1
3550
0
3546
1
3544
0
3528
1
3530
0
3534
1
3532
0
3524
1
3526
0
3522
1
3520
0
3392
1
3394
0
3398
1
3396
0
3404
1
3406
0
3402
1
3400
0
3416
1
3418
0
3422
1
3420
0
3412
1
3414
0
3410
1
3408
0
3440
1
3442
0
3446
1
3444
0
3452
1
3454
0
3450
1
3448
0
3432
1
3434
0
3438
1
3436
0
3428
1
3430
0
3426
1
3424
0
3360
1
3362
0
3366
1
3364
0
3372
1
3374
0
3370
1
3368
0
3384
1
3386
0
3390
1
3388
0
3380
1
3382
0
3378
1
3376
0
3344
1
3346
0
3350
1
3348
0
3356
1
3358
0
3354
1
3352
0
3336
1
3338
0
3342
1
3340
0
3332
1
3334
0
3330
1
3328
0
3840
1
3842
0
3846
1
3844
0
3852
1
3854
0
3850
1
3848
0
3864
1
3866
0
3870
1
3868
0
3860
1
3862
0
3858
1
3856
0
3888
1
3890
0
3894
1
3892
0
3900
1
3902
0
3898
1
3896
0
3880
1
3882
0
3886
1
3884
0
3876
1
3878
0
3874
1
3872
0
3936
1
3938
0
3942
1
3940
0
3948
1
3950
0
3946
1
3944
0
3960
1
3962
0
3966
1
3964
0
3956
1
3958
0
3954
1
3952
0
3920
1
3922
0
3926
1
3924
0
3932
1
3934
0
3930
1
3928
0
3912
1
3914
0
3918
1
3916
0
3908
1
3910
0
3906
1
3904
0
4032
1
4034
0
4038
1
4036
0
4044
1
4046
0
4042
1
4040
0
4056
1
4058
0
4062
1
4060
0
4052
1
4054
0
4050
1
4048
0
4080
1
4082
0
4086
1
4084
0
4092
1
4094
0
4090
1
4088
0
4072
1
4074
0
4078
1
4076
0
4068
1
4070
0
4066
1
4064
0
4000
1
4002
0
4006
1
4004
0
4012
1
4014
0
4010
1
4008
0
4024
1
4026
0
4030
1
4028
0
4020
1
4022
0
4018
1
4016
0
3984
1
3986
0
3990
1
3988
0
3996
1
3998
0
3994
1
3992
0
3976
1
3978
0
3982
1
3980
0
3972
1
3974
0
3970
1
3968
0
3712
1
3714
0
3718
1
3716
0
3724
1
3726
0
3722
1
3720
0
3736
1
3738
0
3742
1
3740
0
3732
1
3734
0
3730
1
3728
0
3760
1
3762
0
3766
1
3764
0
3772
1
3774
0
3770
1
3768
0
3752
1
3754
0
3758
1
3756
0
3748
1
3750
0
3746
1
3744
0
3808
1
3810
0
3814
1
3812
0
3820
1
3822
0
3818
1
3816
0
3832
1
3834
0
3838
1
3836
0
3828
1
3830
0
3826
1
3824
0
3792
1
3794
0
3798
1
3796
0
3804
1
3806
0
3802
1
3800
0
3784
1
3786
0
3790
1
3788
0
3780
1
3782
0
3778
1
3776
0
3648
1
3650
0
3654
1
3652
0
3660
1
3662
0
3658
1
3656
0
3672
1
3674
0
3678
1
3676
0
3668
1
3670
0
3666
1
3664
0
3696
1
3698
0
3702
1
3700
0
3708
1
3710
0
3706
1
3704
0
3688
1
3690
0
3694
1
3692
0
3684
1
3686
0
3682
1
3680
0
3616
1
3618
0
3622
1
3620
0
3628
1
3630
0
3626
1
3624
0
3640
1
3642
0
3646
1
3644
0
3636
1
3638
0
3634
1
3632
0
3600
1
3602
0
3606
1
3604
0
3612
1
3614
0
3610
1
3608
0
3592
1
3594
0
3598
1
3596
0
3588
1
3590
0
3586
1
3584
0
2560
1
2562
0
2566
1
2564
0
2572
1
2574
0
2570
1
2568
0
2584
1
2586
0
2590
1
2588
0
2580
1
2582
0
2578
1
2576
0
2608
1
2610
0
2614
1
2612
0
2620
1
2622
0
2618
1
2616
0
2600
1
2602
0
2606
1
2604
0
2596
1
2598
0
2594
1
2592
0
2656
1
2658
0
2662
1
2660
0
2668
1
2670
0
2666
1
2664
0
2680
1
2682
0
2686
1
2684
0
2676
1
2678
0
2674
1
2672
0
2640
1
2642
0
2646
1
2644
0
2652
1
2654
0
2650
1
2648
0
2632
1
2634
0
2638
1
2636
0
2628
1
2630
0
2626
1
2624
0
2752
1
2754
0
2758
1
2756
0
2764
1
2766
0
2762
1
2760
0
2776
1
2778
0
2782
1
2780
0
2772
1
2774
0
2770
1
2768
0
2800
1
2802
0
2806
1
2804
0
2812
1
2814
0
2810
1
2808
0
2792
1
2794
0
2798
1
2796
0
2788
1
2790
0
2786
1
2784
0
2720
1
2722
0
2726
1
2724
0
2732
1
2734
0
2730
1
2728
0
2744
1
2746
0
2750
1
2748
0
2740
1
2742
0
2738
1
2736
0
2704
1
2706
0
2710
1
2708
0
2716
1
2718
0
2714
1
2712
0
2696
1
2698
0
2702
1
2700
0
2692
1
2694
0
2690
1
2688
0
2944
1
2946
0
2950
1
2948
0
2956
1
2958
0
2954
1
2952
0
2968
1
2970
0
2974
1
2972
0
2964
1
2966
0
2962
1
2960
0
2992
1
2994
0
2998
1
2996
0
3004
1
3006
0
3002
1
3000
0
2984
1
2986
0
2990
1
2988
0
2980
1
2982
0
2978
1
2976
0
3040
1
3042
0
3046
1
3044
0
3052
1
3054
0
3050
1
3048
0
3064
1
3066
0
3070
1
3068
0
3060
1
3062
0
3058
1
3056
0
3024
1
3026
0
3030
1
3028
0
3036
1
3038
0
3034
1
3032
0
3016
1
3018
0
3022
1
3020
0
3012
1
3014
0
3010
1
3008
0
2880
1
2882
0
2886
1
2884
0
2892
1
2894
0
2890
1
2888
0
2904
1
2906
0
2910
1
2908
0
2900
1
2902
0
2898
1
2896
0
2928
1
2930
0
2934
1
2932
0
2940
1
2942
0
2938
1
2936
0
2920
1
2922
0
2926
1
2924
0
2916
1
2918
0
2914
1
2912
0
2848
1
2850
0
2854
1
2852
0
2860
1
2862
0
2858
1
2856
0
2872
1
2874
0
2878
1
2876
0
2868
1
2870
0
2866
1
2864
0
2832
1
2834
0
2838
1
2836
0
2844
1
2846
0
2842
1
2840
0
2824
1
2826
0
2830
1
2828
0
2820
1
2822
0
2818
1
2816
0
2304
1
2306
0
2310
1
2308
0
2316
1
2318
0
2314
1
2312
0
2328
1
2330
0
2334
1
2332
0
2324
1
2326
0
2322
1
2320
0
2352
1
2354
0
2358
1
2356
0
2364
1
2366
0
2362
1
2360
0
2344
1
2346
0
2350
1
2348
0
2340
1
2342
0
2338
1
2336
0
2400
1
2402
0
2406
1
2404
0
2412
1
2414
0
2410
1
2408
0
2424
1
2426
0
2430
1
2428
0
2420
1
2422
0
2418
1
2416
0
2384
1
2386
0
2390
1
2388
0
2396
1
2398
0
2394
1
2392
0
2376
1
2378
0
2382
1
2380
0
2372
1
2374
0
2370
1
2368
0
2496
1
2498
0
2502
1
2500
0
2508
1
2510
0
2506
1
2504
0
2520
1
2522
0
2526
1
2524
0
2516
1
2518
0
2514
1
2512
0
2544
1
2546
0
2550
1
2548
0
2556
1
2558
0
2554
1
2552
0
2536
1
2538
0
2542
1
2540
0
2532
1
2534
0
2530
1
2528
0
2464
1
2466
0
2470
1
2468
0
2476
1
2478
0
2474
1
2472
0
2488
1
2490
0
2494
1
2492
0
2484
1
2486
0
2482
1
2480
0
2448
1
2450
0
2454
1
2452
0
2460
1
2462
0
2458
1
2456
0
2440
1
2442
0
2446
1
2444
0
2436
1
2438
0
2434
1
2432
0
2176
1
2178
0
2182
1
2180
0
2188
1
2190
0
2186
1
2184
0
2200
1
2202
0
2206
1
2204
0
2196
1
2198
0
2194
1
2192
0
2224
1
2226
0
2230
1
2228
0
2236
1
2238
0
2234
1
2232
0
2216
1
2218
0
2222
1
2220
0
2212
1
2214
0
2210
1
2208
0
2272
1
2274
0
2278
1
2276
0
2284
1
2286
0
2282
1
2280
0
2296
1
2298
0
2302
1
2300
0
2292
1
2294
0
2290
1
2288
0
2256
1
2258
0
2262
1
2260
0
2268
1
2270
0
2266
1
2264
0
2248
1
2250
0
2254
1
2252
0
2244
1
2246
0
2242
1
2240
0
2112
1
2114
0
2118
1
2116
0
2124
1
2126
0
2122
1
2120
0
2136
1
2138
0
2142
1
2140
0
2132
1
2134
0
2130
1
2128
0
2160
1
2162
0
2166
1
2164
0
2172
1
2174
0
2170
1
2168
0
2152
1
2154
0
2158
1
2156
0
2148
1
2150
0
2146
1
2144
0
2080
1
2082
0
2086
1
2084
0
2092
1
2094
0
2090
1
2088
0
2104
1
2106
0
2110
1
2108
0
2100
1
2102
0
2098
1
2096
0
2064
1
2066
0
2070
1
2068
0
2076
1
2078
0
2074
1
2072
0
2056
1
2058
0
2062
1
2060
0
2052
1
2054
0
2050
1
2048
0
6144
1
6146
0
6150
1
6148
0
6156
1
6158
0
6154
1
6152
0
6168
1
6170
0
6174
1
6172
0
6164
1
6166
0
6162
1
6160
0
6192
1
6194
0
6198
1
6196
0
6204
1
6206
0
6202
1
6200
0
6184
1
6186
0
6190
1
6188
0
6180
1
6182
0
6178
1
6176
0
6240
1
6242
0
6246
1
6244
0
6252
1
6254
0
6250
1
6248
0
6264
1
6266
0
6270
1
6268
0
6260
1
6262
0
6258
1
6256
0
6224
1
6226
0
6230
1
6228
0
6236
1
6238
0
6234
1
6232
0
6216
1
6218
0
6222
1
6220
0
6212
1
6214
0
6210
1
6208
0
6336
1
6338
0
6342
1
6340
0
6348
1
6350
0
6346
1
6344
0
6360
1
6362
0
6366
1
6364
0
6356
1
6358
0
6354
1
6352
0
6384
1
6386
0
6390
1
6388
0
6396
1
6398
0
6394
1
6392
0
6376
1
6378
0
6382
1
6380
0
6372
1
6374
0
6370
1
6368
0
6304
1
6306
0
6310
1
6308
0
6316
1
6318
0
6314
1
6312
0
6328
1
6330
0
6334
1
6332
0
6324
1
6326
0
6322
1
6320
0
6288
1
6290
0
6294
1
6292
0
6300
1
6302
0
6298
1
6296
0
6280
1
6282
0
6286
1
6284
0
6276
1
6278
0
6274
1
6272
0
6528
1
6530
0
6534
1
6532
0
6540
1
6542
0
6538
1
6536
0
6552
1
6554
0
6558
1
6556
0
6548
1
6550
0
6546
1
6544
0
6576
1
6578
0
6582
1
6580
0
6588
1
6590
0
6586
1
6584
0
6568
1
6570
0
6574
1
6572
0
6564
1
6566
0
6562
1
6560
0
6624
1
6626
0
6630
1
6628
0
6636
1
6638
0
6634
1
6632
0
6648
1
6650
0
6654
1
6652
0
6644
1
6646
0
6642
1
6640
0
6608
1
6610
0
6614
1
6612
0
6620
1
6622
0
6618
1
6616
0
6600
1
6602
0
6606
1
6604
0
6596
1
6598
0
6594
1
6592
0
6464
1
6466
0
6470
1
6468
0
6476
1
6478
0
6474
1
6472
0
6488
1
6490
0
6494
1
6492
0
6484
1
6486
0
6482
1
6480
0
6512
1
6514
0
6518
1
6516
0
6524
1
6526
0
6522
1
6520
0
6504
1
6506
0
6510
1
6508
0
6500
1
6502
0
6498
1
6496
0
6432
1
6434
0
6438
1
6436
0
6444
1
6446
0
6442
1
6440
0
6456
1
6458
0
6462
1
6460
0
6452
1
6454
0
6450
1
6448
0
6416
1
6418
0
6422
1
6420
0
6428
1
6430
0
6426
1
6424
0
6408
1
6410
0
6414
1
6412
0
6404
1
6406
0
6402
1
6400
0
6912
1
6914
0
6918
1
6916
0
6924
1
6926
0
6922
1
6920
0
6936
1
6938
0
6942
1
6940
0
6932
1
6934
0
6930
1
6928
0
6960
1
6962
0
6966
1
6964
0
6972
1
6974
0
6970
1
6968
0
6952
1
6954
0
6958
1
6956
0
6948
1
6950
0
6946
1
6944
0
7008
1
7010
0
7014
1
7012
0
7020
1
7022
0
7018
1
7016
0
7032
1
7034
0
7038
1
7036
0
7028
1
7030
0
7026
1
7024
0
6992
1
6994
0
6998
1
6996
0
7004
1
7006
0
7002
1
7000
0
6984
1
6986
0
6990
1
6988
0
6980
1
6982
0
6978
1
6976
0
7104
1
7106
0
7110
1
7108
0
7116
1
7118
0
7114
1
7112
0
7128
1
7130
0
7134
1
7132
0
7124
1
7126
0
7122
1
7120
0
7152
1
7154
0
7158
1
7156
0
7164
1
7166
0
7162
1
7160
0
7144
1
7146
0
7150
1
7148
0
7140
1
7142
0
7138
1
7136
0
7072
1
7074
0
7078
1
7076
0
7084
1
7086
0
7082
1
7080
0
7096
1
7098
0
7102
1
7100
0
7092
1
7094
0
7090
1
7088
0
7056
1
7058
0
7062
1
7060
0
7068
1
7070
0
7066
1
7064
0
7048
1
7050
0
7054
1
7052
0
7044
1
7046
0
7042
1
7040
0
6784
1
6786
0
6790
1
6788
0
6796
1
6798
0
6794
1
6792
0
6808
1
6810
0
6814
1
6812
0
6804
1
6806
0
6802
1
6800
0
6832
1
6834
0
6838
1
6836
0
6844
1
6846
0
6842
1
6840
0
6824
1
6826
0
6830
1
6828
0
6820
1
6822
0
6818
1
6816
0
6880
1
6882
0
6886
1
6884
0
6892
1
6894
0
6890
1
6888
0
6904
1
6906
0
6910
1
6908
0
6900
1
6902
0
6898
1
6896
0
6864
1
6866
0
6870
1
6868
0
6876
1
6878
0
6874
1
6872
0
6856
1
6858
0
6862
1
6860
0
6852
1
6854
0
6850
1
6848
0
6720
1
6722
0
6726
1
6724
0
6732
